# This is a line of code

x <- c(1, 2, 3, 4, 5, 60, 7)

z <- c()


y <- c(4, 7, 8, 9, 10, 15, 22)


#summing up x and y
z <- x+y


#average x and y
t <- c(x+y)/n

#Multiply x and y
a <- x*y

21+83

#testing changes

a <- c(21, 22, 25)

2+2
3+3
4+4
5+5


8+2

6*2
6+6
7+7
4*4
5*5
6*6